3999999999999999999999999999999999
4899999999999999999999999999999999
4989999999999999999999999999999999
4998999999999999999999999999999999
4999899999999999999999999999999999
4999989999999999999999999999999999
4999998999999999999999999999999999
4999999899999999999999999999999999
4999999989999999999999999999999999
4999999998999999999999999999999999
4999999999899999999999999999999999
4999999999989999999999999999999999
4999999999998999999999999999999999
4999999999999899999999999999999999
4999999999999989999999999999999999
4999999999999998999999999999999999
4999999999999999899999999999999999
4999999999999999989999999999999999
4999999999999999998999999999999999
4999999999999999999899999999999999
4999999999999999999989999999999999
4999999999999999999998999999999999
4999999999999999999999899999999999
4999999999999999999999989999999999
4999999999999999999999998999999999
4999999999999999999999999899999999
4999999999999999999999999989999999
4999999999999999999999999998999999
4999999999999999999999999999899999
4999999999999999999999999999989999
4999999999999999999999999999998999
4999999999999999999999999999999899
4999999999999999999999999999999989
4999999999999999999999999999999998
5799999999999999999999999999999999
5889999999999999999999999999999999
5898999999999999999999999999999999
5899899999999999999999999999999999
5899989999999999999999999999999999
5899998999999999999999999999999999
5899999899999999999999999999999999
5899999989999999999999999999999999
5899999998999999999999999999999999
5899999999899999999999999999999999
5899999999989999999999999999999999
5899999999998999999999999999999999
5899999999999899999999999999999999
5899999999999989999999999999999999
5899999999999998999999999999999999
5899999999999999899999999999999999
5899999999999999989999999999999999
5899999999999999998999999999999999
5899999999999999999899999999999999
5899999999999999999989999999999999
5899999999999999999998999999999999
5899999999999999999999899999999999
5899999999999999999999989999999999
5899999999999999999999998999999999
5899999999999999999999999899999999
5899999999999999999999999989999999
5899999999999999999999999998999999
5899999999999999999999999999899999
5899999999999999999999999999989999
5899999999999999999999999999998999
5899999999999999999999999999999899
5899999999999999999999999999999989
5899999999999999999999999999999998
5979999999999999999999999999999999
5988999999999999999999999999999999
5989899999999999999999999999999999
5989989999999999999999999999999999
5989998999999999999999999999999999
5989999899999999999999999999999999
5989999989999999999999999999999999
5989999998999999999999999999999999
5989999999899999999999999999999999
5989999999989999999999999999999999
5989999999998999999999999999999999
5989999999999899999999999999999999
5989999999999989999999999999999999
5989999999999998999999999999999999
5989999999999999899999999999999999
5989999999999999989999999999999999
5989999999999999998999999999999999
5989999999999999999899999999999999
5989999999999999999989999999999999
5989999999999999999998999999999999
5989999999999999999999899999999999
5989999999999999999999989999999999
5989999999999999999999998999999999
5989999999999999999999999899999999
5989999999999999999999999989999999
5989999999999999999999999998999999
5989999999999999999999999999899999
5989999999999999999999999999989999
5989999999999999999999999999998999
5989999999999999999999999999999899
5989999999999999999999999999999989
5989999999999999999999999999999998
5997999999999999999999999999999999
5998899999999999999999999999999999
5998989999999999999999999999999999
5998998999999999999999999999999999
5998999899999999999999999999999999
5998999989999999999999999999999999
5998999998999999999999999999999999
5998999999899999999999999999999999
5998999999989999999999999999999999
5998999999998999999999999999999999
5998999999999899999999999999999999
5998999999999989999999999999999999
5998999999999998999999999999999999
5998999999999999899999999999999999
5998999999999999989999999999999999
5998999999999999998999999999999999
5998999999999999999899999999999999
5998999999999999999989999999999999
5998999999999999999998999999999999
5998999999999999999999899999999999
5998999999999999999999989999999999
5998999999999999999999998999999999
5998999999999999999999999899999999
5998999999999999999999999989999999
5998999999999999999999999998999999
5998999999999999999999999999899999
5998999999999999999999999999989999
5998999999999999999999999999998999
5998999999999999999999999999999899
5998999999999999999999999999999989
5998999999999999999999999999999998
5999799999999999999999999999999999
5999889999999999999999999999999999
5999898999999999999999999999999999
5999899899999999999999999999999999
5999899989999999999999999999999999
5999899998999999999999999999999999
5999899999899999999999999999999999
5999899999989999999999999999999999
5999899999998999999999999999999999
5999899999999899999999999999999999
5999899999999989999999999999999999
5999899999999998999999999999999999
5999899999999999899999999999999999
5999899999999999989999999999999999
5999899999999999998999999999999999
5999899999999999999899999999999999
5999899999999999999989999999999999
5999899999999999999998999999999999
5999899999999999999999899999999999
5999899999999999999999989999999999
5999899999999999999999998999999999
5999899999999999999999999899999999
5999899999999999999999999989999999
5999899999999999999999999998999999
5999899999999999999999999999899999
5999899999999999999999999999989999
5999899999999999999999999999998999
5999899999999999999999999999999899
5999899999999999999999999999999989
5999899999999999999999999999999998
5999979999999999999999999999999999
5999988999999999999999999999999999
5999989899999999999999999999999999
5999989989999999999999999999999999
5999989998999999999999999999999999
5999989999899999999999999999999999
5999989999989999999999999999999999
5999989999998999999999999999999999
5999989999999899999999999999999999
5999989999999989999999999999999999
5999989999999998999999999999999999
5999989999999999899999999999999999
5999989999999999989999999999999999
5999989999999999998999999999999999
5999989999999999999899999999999999
5999989999999999999989999999999999
5999989999999999999998999999999999
5999989999999999999999899999999999
5999989999999999999999989999999999
5999989999999999999999998999999999
5999989999999999999999999899999999
5999989999999999999999999989999999
5999989999999999999999999998999999
5999989999999999999999999999899999
5999989999999999999999999999989999
5999989999999999999999999999998999
5999989999999999999999999999999899
5999989999999999999999999999999989
5999989999999999999999999999999998
5999997999999999999999999999999999
5999998899999999999999999999999999
5999998989999999999999999999999999
5999998998999999999999999999999999
5999998999899999999999999999999999
5999998999989999999999999999999999
5999998999998999999999999999999999
5999998999999899999999999999999999
5999998999999989999999999999999999
5999998999999998999999999999999999
5999998999999999899999999999999999
5999998999999999989999999999999999
5999998999999999998999999999999999
5999998999999999999899999999999999
5999998999999999999989999999999999
5999998999999999999998999999999999
5999998999999999999999899999999999
5999998999999999999999989999999999
5999998999999999999999998999999999
5999998999999999999999999899999999
5999998999999999999999999989999999
5999998999999999999999999998999999
5999998999999999999999999999899999
5999998999999999999999999999989999
5999998999999999999999999999998999
5999998999999999999999999999999899
5999998999999999999999999999999989
5999998999999999999999999999999998
5999999799999999999999999999999999
5999999889999999999999999999999999
5999999898999999999999999999999999
5999999899899999999999999999999999
5999999899989999999999999999999999
5999999899998999999999999999999999
5999999899999899999999999999999999
5999999899999989999999999999999999
5999999899999998999999999999999999
5999999899999999899999999999999999
5999999899999999989999999999999999
5999999899999999998999999999999999
5999999899999999999899999999999999
5999999899999999999989999999999999
5999999899999999999998999999999999
5999999899999999999999899999999999
5999999899999999999999989999999999
5999999899999999999999998999999999
5999999899999999999999999899999999
5999999899999999999999999989999999
5999999899999999999999999998999999
5999999899999999999999999999899999
5999999899999999999999999999989999
5999999899999999999999999999998999
5999999899999999999999999999999899
5999999899999999999999999999999989
5999999899999999999999999999999998
5999999979999999999999999999999999
5999999988999999999999999999999999
5999999989899999999999999999999999
5999999989989999999999999999999999
5999999989998999999999999999999999
5999999989999899999999999999999999
5999999989999989999999999999999999
5999999989999998999999999999999999
5999999989999999899999999999999999
5999999989999999989999999999999999
5999999989999999998999999999999999
5999999989999999999899999999999999
5999999989999999999989999999999999
5999999989999999999998999999999999
5999999989999999999999899999999999
5999999989999999999999989999999999
5999999989999999999999998999999999
5999999989999999999999999899999999
5999999989999999999999999989999999
5999999989999999999999999998999999
5999999989999999999999999999899999
5999999989999999999999999999989999
5999999989999999999999999999998999
5999999989999999999999999999999899
5999999989999999999999999999999989
5999999989999999999999999999999998
5999999997999999999999999999999999
5999999998899999999999999999999999
5999999998989999999999999999999999
5999999998998999999999999999999999
5999999998999899999999999999999999
5999999998999989999999999999999999
5999999998999998999999999999999999
5999999998999999899999999999999999
5999999998999999989999999999999999
5999999998999999998999999999999999
5999999998999999999899999999999999
5999999998999999999989999999999999
5999999998999999999998999999999999
5999999998999999999999899999999999
5999999998999999999999989999999999
5999999998999999999999998999999999
5999999998999999999999999899999999
5999999998999999999999999989999999
5999999998999999999999999998999999
5999999998999999999999999999899999
5999999998999999999999999999989999
5999999998999999999999999999998999
5999999998999999999999999999999899
5999999998999999999999999999999989
5999999998999999999999999999999998
5999999999799999999999999999999999
5999999999889999999999999999999999
5999999999898999999999999999999999
5999999999899899999999999999999999
5999999999899989999999999999999999
