100
8763892
6704676
9999999
6
5462959
4461641
7762723
4125389
3702389
9999972
3410821
9299449
9
1403870
5388168
10
5103067
6716541
9999996
3929879
11
8460583
5
13
9325574
9999930
9309119
1507483
9999998
615403
9999991
8184167
4461643
12
559513
9999929
3323191
6463741
9682616
9010879
3023326
6735763
592432
4046177
2360890
983469
6537523
4751053
9987391
3132736
7783893
8603593
9999161
1144
2044523
8237213
6865010
2896297
140839
1264969
5331653
8
3191803
4170220
1750607
6697461
10000000
9999973
1
3855409
1862603
2872729
1281246
4572049
2295773
1481717
2
9999971
4461642
5001361
9999163
9999997
1221469
8873129
7
3877633
3910981
5094841
9999931
8248729
4
9971849
7203246
9516811
9999162
8291470
928009
9999995
3
390548
